0.001 2
0.0110808080808 3
0.0211616161616 3
0.0312424242424 3
0.0413232323232 3
0.051404040404 3
0.0614848484848 3
0.0715656565657 4
0.0816464646465 4
0.0917272727273 4
0.101808080808 4
0.111888888889 4
0.12196969697 4
0.132050505051 4
0.142131313131 4
0.152212121212 5
0.162292929293 5
0.172373737374 5
0.182454545455 5
0.192535353535 5
0.202616161616 5
0.212696969697 5
0.222777777778 5
0.232858585859 5
0.242939393939 6
0.25302020202 6
0.263101010101 6
0.273181818182 6
0.283262626263 6
0.293343434343 6
0.303424242424 6
0.313505050505 7
0.323585858586 7
0.333666666667 7
0.343747474747 7
0.353828282828 7
0.363909090909 8
0.37398989899 8
0.384070707071 8
0.394151515152 8
0.404232323232 8
0.414313131313 9
0.424393939394 9
0.434474747475 9
0.444555555556 9
0.454636363636 9
0.464717171717 10
0.474797979798 10
0.484878787879 10
0.49495959596 11
0.50504040404 11
0.515121212121 11
0.525202020202 12
0.535282828283 12
0.545363636364 12
0.555444444444 13
0.565525252525 13
0.575606060606 14
0.585686868687 14
0.595767676768 15
0.605848484848 15
0.615929292929 16
0.62601010101 16
0.636090909091 17
0.646171717172 17
0.656252525253 18
0.666333333333 19
0.676414141414 20
0.686494949495 21
0.696575757576 22
0.706656565657 23
0.716737373737 24
0.726818181818 25
0.736898989899 26
0.74697979798 27
0.757060606061 29
0.767141414141 31
0.777222222222 33
0.787303030303 35
0.797383838384 37
0.807464646465 39
0.817545454545 42
0.827626262626 46
0.837707070707 49
0.847787878788 54
0.857868686869 59
0.867949494949 65
0.87803030303 72
0.888111111111 80
0.898191919192 90
0.908272727273 103
0.918353535354 120
0.928434343434 142
0.938515151515 173
0.948595959596 219
0.958676767677 296
0.968757575758 447
0.978838383838 747
0.988919191919 1902
0.999 5201
